0 0.3546875 0.85546875 0.14921875 0.28828125
0 0.43125 0.88046875 0.0765625 0.2390625
0 0.45078125 0.871875 0.09765625 0.25625
0 0.5453125 0.93671875 0.09375 0.1265625
0 0.58828125 0.8 0.234375 0.22265625
0 0.6484375 0.69765625 0.2171875 0.265625
0 0.6875 0.54296875 0.2421875 0.1078125
0 0.6953125 0.45390625 0.253125 0.08671875
0 0.6546875 0.38203125 0.2265625 0.128125
0 0.678125 0.2765625 0.21328125 0.09765625
0 0.696875 0.21015625 0.14765625 0.09453125
0 0.61171875 0.21953125 0.221875 0.18828125
0 0.5828125 0.14296875 0.1953125 0.19609375
0 0.44375 0.1328125 0.12890625 0.26484375
0 0.35234375 0.16640625 0.13203125 0.29609375
0 0.88046875 0.91484375 0.23671875 0.165625