0 0.66015625 0.2734375 0.19140625 0.10234375
0 0.70625 0.31875 0.21640625 0.09453125
0 0.659375 0.3671875 0.18828125 0.09609375
0 0.52578125 0.39375 0.1328125 0.09453125
0 0.3734375 0.3859375 0.16640625 0.0875
0 0.2796875 0.35546875 0.2109375 0.08125
0 0.265625 0.30546875 0.24921875 0.07109375
0 0.32890625 0.27265625 0.16640625 0.109375
0 0.44453125 0.234375 0.13046875 0.07421875
0 0.5796875 0.2375 0.13046875 0.08359375
0 0.4953125 0.296875 0.14375 0.09453125
0 0.46953125 0.6453125 0.26328125 0.1484375
0 0.228125 0.64453125 0.16875 0.09140625
0 0.16953125 0.56484375 0.21328125 0.109375
0 0.3640625 0.48671875 0.22421875 0.0578125
0 0.7671875 0.53125 0.23828125 0.09140625
0 0.73828125 0.60703125 0.27421875 0.04765625
0 0.70234375 0.63515625 0.31328125 0.04140625
0 0.67734375 0.675 0.2296875 0.07109375
0 0.5703125 0.52265625 0.2328125 0.03046875
0 0.61875 0.55859375 0.2359375 0.0390625
0 0.4265625 0.53359375 0.1 0.084375
0 0.6328125 0.4765625 0.16328125 0.03671875
0 0.521875 0.496875 0.16328125 0.0265625
0 0.42734375 0.8359375 0.16875 0.07734375
0 0.421875 0.89375 0.31875 0.0515625
0 0.35859375 0.9484375 0.20234375 0.084375
0 0.19765625 0.84375 0.2296875 0.06640625
0 0.3171875 0.809375 0.11953125 0.08203125
0 0.16171875 0.81953125 0.20234375 0.059375
0 0.446875 0.77421875 0.096875 0.05703125
0 0.5375 0.790625 0.22734375 0.028125