0 0.7265625 0.553125 0.13984375 0.13515625
0 0.64765625 0.3296875 0.20546875 0.18046875
0 0.54375 0.1828125 0.2265625 0.184375
0 0.29921875 0.1390625 0.24609375 0.1578125
0 0.309375 0.2453125 0.1921875 0.1078125
0 0.434375 0.3234375 0.1703125 0.12578125
0 0.74609375 0.1796875 0.1703125 0.12265625
0 0.8171875 0.28046875 0.11796875 0.0921875
0 0.86171875 0.38125 0.15703125 0.12734375
0 0.93671875 0.45546875 0.12578125 0.08828125
0 0.8921875 0.54375 0.1765625 0.11171875
0 0.778125 0.43828125 0.12578125 0.103125
0 0.63671875 0.44765625 0.1765625 0.06171875
0 0.884375 0.64609375 0.1453125 0.1078125
0 0.4671875 0.478125 0.19765625 0.1328125
0 0.33984375 0.40078125 0.1609375 0.10625
0 0.2046875 0.46171875 0.17265625 0.1078125
0 0.2 0.3421875 0.2015625 0.11328125
0 0.06484375 0.37578125 0.121875 0.15625
0 0.121875 0.21640625 0.15859375 0.09921875
0 0.0609375 0.5140625 0.10625 0.0921875
0 0.2453125 0.56484375 0.18046875 0.13671875
0 0.42890625 0.6296875 0.14140625 0.1203125
0 0.60078125 0.65234375 0.0890625 0.08828125
0 0.596875 0.72265625 0.10078125 0.065625
0 0.49296875 0.69296875 0.13359375 0.10625
0 0.765625 0.65859375 0.065625 0.0546875
0 0.76875 0.7375 0.11015625 0.0921875
0 0.4390625 0.7671875 0.08359375 0.0765625
0 0.2953125 0.66171875 0.121875 0.078125
0 0.14140625 0.6390625 0.1359375 0.09375
0 0.03515625 0.68828125 0.06171875 0.09609375
0 0.14140625 0.7171875 0.12421875 0.0515625
0 0.25078125 0.7484375 0.11015625 0.08125