0 0.71796875 0.43125 0.21484375 0.1421875
0 0.25546875 0.24140625 0.11015625 0.23671875
0 0.175 0.26875 0.0671875 0.23671875
0 0.35625 0.3265625 0.17421875 0.05703125
0 0.365625 0.2734375 0.13125 0.0625
0 0.36328125 0.21796875 0.103125 0.04296875
0 0.42109375 0.52890625 0.23984375 0.11015625
0 0.1796875 0.484375 0.1265625 0.10703125
0 0.73671875 0.34765625 0.1171875 0.0671875
0 0.52109375 0.41484375 0.1546875 0.0921875
0 0.715625 0.55390625 0.20625 0.078125
0 0.79765625 0.22734375 0.07109375 0.1265625
0 0.66953125 0.20234375 0.1703125 0.140625
0 0.52734375 0.3421875 0.153125 0.04609375