0 0.1625 0.49453125 0.121875 0.27265625
0 0.08203125 0.17421875 0.11484375 0.28359375
0 0.2234375 0.14296875 0.11640625 0.2859375
0 0.35859375 0.16953125 0.171875 0.14765625
0 0.39609375 0.071875 0.23515625 0.14296875
0 0.31484375 0.58359375 0.2109375 0.184375
0 0.28046875 0.753125 0.25390625 0.28359375
0 0.4328125 0.4375 0.1265625 0.28671875
0 0.50078125 0.48125 0.103125 0.24296875
0 0.540625 0.5265625 0.1578125 0.196875
0 0.61015625 0.83125 0.2484375 0.28828125
0 0.48203125 0.95859375 0.14921875 0.06875
0 0.82421875 0.40078125 0.2765625 0.3640625