0 0.04765625 0.16015625 0.0921875 0.3125
0 0.240625 0.06484375 0.29296875 0.115625
0 0.5234375 0.134375 0.29296875 0.16875
0 0.171875 0.36171875 0.14375 0.1015625
0 0.175 0.4625 0.16171875 0.09921875
0 0.33359375 0.5328125 0.1265625 0.16171875
0 0.51640625 0.53515625 0.271875 0.11015625
0 0.50703125 0.6640625 0.16328125 0.17265625
0 0.65 0.62109375 0.09765625 0.1296875
0 0.74765625 0.60234375 0.1296875 0.234375
0 0.75 0.2953125 0.18515625 0.0921875
0 0.4578125 0.36953125 0.28984375 0.078125
0 0.93203125 0.515625 0.1359375 0.19921875
0 0.89609375 0.5546875 0.1140625 0.17421875
0 0.81328125 0.3609375 0.26484375 0.0671875
0 0.509375 0.28125 0.14765625 0.09609375
0 0.38203125 0.28125 0.103125 0.09609375
0 0.2921875 0.35625 0.09765625 0.13359375
0 0.61796875 0.42109375 0.24375 0.08203125