0 0.1390625 0.1265625 0.1875 0.22734375
0 0.1046875 0.42578125 0.19296875 0.21875
0 0.15234375 0.74375 0.20078125 0.2609375
0 0.83203125 0.05859375 0.08515625 0.08515625
0 0.71953125 0.0734375 0.10234375 0.1015625
0 0.9421875 0.1734375 0.0921875 0.0765625
0 0.95625 0.25390625 0.0609375 0.075
0 0.928125 0.32890625 0.05625 0.075
0 0.90390625 0.24453125 0.034375 0.08359375
0 0.86484375 0.23046875 0.0546875 0.1046875
0 0.83359375 0.15 0.07421875 0.0765625
0 0.8 0.19140625 0.0453125 0.065625
0 0.8171875 0.2859375 0.07578125 0.0890625
0 0.8296875 0.36875 0.109375 0.06953125
0 0.8859375 0.45625 0.0546875 0.0765625
0 0.9046875 0.5421875 0.08359375 0.08203125
0 0.96171875 0.64453125 0.0625 0.09765625
0 0.909375 0.615625 0.05859375 0.0765625
0 0.89296875 0.671875 0.1 0.06015625
0 0.88828125 0.734375 0.07421875 0.0640625
0 0.8515625 0.9015625 0.04375 0.08515625
0 0.82265625 0.86015625 0.04765625 0.05703125
0 0.76015625 0.85859375 0.05859375 0.06015625
0 0.80625 0.79609375 0.0921875 0.0640625
0 0.79921875 0.72109375 0.0796875 0.0796875
0 0.68828125 0.64140625 0.05859375 0.11015625
0 0.71875 0.5015625 0.11015625 0.075
0 0.7921875 0.609375 0.0828125 0.078125