0 0.1765625 0.253125 0.18984375 0.08359375
0 0.16328125 0.40703125 0.1921875 0.12109375
0 0.10859375 0.5859375 0.09921875 0.23984375
0 0.20546875 0.57578125 0.0796875 0.234375
0 0.43984375 0.86484375 0.17578125 0.21875
0 0.5765625 0.859375 0.15859375 0.221875
0 0.75546875 0.86015625 0.1171875 0.22421875
0 0.721875 0.62734375 0.25625 0.13515625
0 0.73671875 0.484375 0.23984375 0.10859375
0 0.21171875 0.74921875 0.19921875 0.1015625
0 0.35 0.440625 0.15625 0.103125
0 0.41875 0.55 0.21484375 0.065625
0 0.51171875 0.46015625 0.16328125 0.12109375
0 0.3953125 0.3140625 0.20078125 0.13359375
0 0.2765625 0.8296875 0.18671875 0.06953125
0 0.4671875 0.634375 0.21015625 0.11015625
0 0.121875 0.8359375 0.0625 0.14921875