0 0.94453125 0.05234375 0.065625 0.1046875
0 0.80859375 0.1125 0.11015625 0.225
0 0.67890625 0.28828125 0.1203125 0.3875
0 0.93515625 0.50859375 0.11796875 0.35703125
0 0.9390625 0.84375 0.1203125 0.3125
0 0.81875 0.74140625 0.1171875 0.35703125
0 0.51875 0.15859375 0.11484375 0.303125
0 0.56796875 0.7078125 0.121875 0.3171875
0 0.5265625 0.93984375 0.1078125 0.1203125
0 0.40546875 0.59453125 0.11171875 0.35390625
0 0.4 0.9125 0.07890625 0.17421875
0 0.30078125 0.80390625 0.0828125 0.2328125
0 0.22109375 0.69765625 0.06875 0.24296875
0 0.16796875 0.8125 0.06015625 0.2828125
0 0.2984375 0.346875 0.1171875 0.35703125
0 0.2140625 0.15859375 0.06484375 0.24921875
0 0.1203125 0.11640625 0.1234375 0.2328125
0 0.10234375 0.42109375 0.08828125 0.1953125
0 0.0390625 0.29453125 0.078125 0.1453125
0 0.0453125 0.66171875 0.090625 0.3796875