0 0.86171875 0.2703125 0.2765625 0.278125
0 0.4421875 0.28515625 0.35703125 0.309375
0 0.72421875 0.55859375 0.35234375 0.29140625
0 0.8703125 0.87109375 0.2546875 0.2578125
0 0.46015625 0.59140625 0.13828125 0.09921875
0 0.33828125 0.64140625 0.11796875 0.1046875
0 0.2328125 0.5890625 0.11171875 0.07421875
0 0.4671875 0.71953125 0.13828125 0.08515625
0 0.540625 0.82421875 0.16796875 0.1046875
0 0.525 0.9453125 0.0953125 0.109375
0 0.42265625 0.909375 0.11328125 0.09453125
0 0.3859375 0.98125 0.103125 0.0375
0 0.31171875 0.9 0.07265625 0.1015625
0 0.37421875 0.821875 0.1296875 0.1046875
0 0.2703125 0.7984375 0.090625 0.07578125
0 0.3078125 0.75078125 0.084375 0.059375
0 0.2875 0.71015625 0.0703125 0.06171875
0 0.22734375 0.653125 0.12734375 0.0703125
0 0.21484375 0.73984375 0.09765625 0.11015625
0 0.134375 0.7296875 0.090625 0.09765625
0 0.1046875 0.80078125 0.08203125 0.046875
0 0.20546875 0.840625 0.125 0.0796875
0 0.2328125 0.93046875 0.090625 0.1390625
0 0.0828125 0.91640625 0.11171875 0.06875
0 0.12421875 0.9734375 0.065625 0.053125
0 0.04921875 0.97734375 0.0703125 0.0453125