0 0.36328125 0.6765625 0.41015625 0.22890625
0 0.171875 0.46640625 0.34375 0.2390625
0 0.5125 0.4328125 0.24296875 0.2328125
0 0.30859375 0.25390625 0.22421875 0.25234375
0 0.5984375 0.51875 0.175 0.15078125
0 0.78359375 0.78203125 0.4328125 0.3171875
0 0.878125 0.48515625 0.1828125 0.2328125
0 0.6828125 0.43203125 0.2515625 0.23125
0 0.76640625 0.31484375 0.4125 0.10546875
0 0.75703125 0.19765625 0.3828125 0.12578125
0 0.5671875 0.11875 0.215625 0.10703125
0 0.415625 0.1265625 0.196875 0.16875
0 0.459375 0.28203125 0.15859375 0.1453125
0 0.0953125 0.1359375 0.190625 0.09375
0 0.1203125 0.053125 0.240625 0.10625