0 0.75703125 0.76953125 0.15078125 0.228125
0 0.24609375 0.715625 0.10625 0.12421875
0 0.1125 0.7109375 0.1 0.15234375
0 0.7796875 0.259375 0.0765625 0.071875
0 0.66171875 0.2296875 0.09765625 0.1203125
0 0.65390625 0.084375 0.08515625 0.14296875
0 0.59296875 0.15234375 0.09375 0.1546875
0 0.36640625 0.35859375 0.05546875 0.1828125
0 0.303125 0.35859375 0.0453125 0.1453125
0 0.2359375 0.35546875 0.06875 0.14296875
0 0.1640625 0.36328125 0.0640625 0.15859375
0 0.309375 0.1578125 0.04921875 0.1546875
0 0.2546875 0.15546875 0.04609375 0.15859375
0 0.2125 0.16015625 0.05546875 0.1375
0 0.17109375 0.12265625 0.0578125 0.11875
0 0.103125 0.14296875 0.0890625 0.18125