0 0.50546875 0.8765625 0.23359375 0.12890625
0 0.53828125 0.79921875 0.2640625 0.05390625
0 0.48359375 0.7484375 0.259375 0.0484375
0 0.54140625 0.7078125 0.25078125 0.0609375
0 0.4765625 0.66875 0.259375 0.04296875
0 0.5328125 0.64765625 0.2359375 0.08046875
0 0.48984375 0.6046875 0.24296875 0.0484375
0 0.54296875 0.571875 0.23828125 0.046875
0 0.4984375 0.52578125 0.24296875 0.0375
0 0.53984375 0.4984375 0.23828125 0.04296875
0 0.5046875 0.45234375 0.22109375 0.034375
0 0.4953125 0.4140625 0.22734375 0.0359375
0 0.5484375 0.38046875 0.19375 0.04140625
0 0.50234375 0.34765625 0.2421875 0.046875
0 0.5421875 0.3046875 0.20234375 0.04296875
0 0.4875 0.26640625 0.18984375 0.0265625
0 0.53125 0.24140625 0.18125 0.05546875
0 0.51015625 0.19609375 0.2015625 0.0265625