0 0.78125 0.5828125 0.3203125 0.3078125
0 0.44140625 0.759375 0.29140625 0.3109375
0 0.47734375 0.23125 0.32734375 0.40703125
0 0.11796875 0.4125 0.2359375 0.3328125
0 0.13125 0.83203125 0.23671875 0.1296875
0 0.9625 0.4125 0.075 0.11171875
0 0.90546875 0.30703125 0.11015625 0.11015625
0 0.81796875 0.26875 0.11171875 0.09453125
0 0.7109375 0.275 0.07265625 0.1171875
0 0.8046875 0.06953125 0.08515625 0.065625
0 0.73359375 0.0703125 0.07109375 0.0640625
0 0.32265625 0.496875 0.0890625 0.09921875
0 0.46015625 0.5265625 0.11171875 0.09453125
0 0.63671875 0.4234375 0.11875 0.0765625
0 0.26171875 0.10078125 0.11171875 0.18125
0 0.5953125 0.9625 0.07265625 0.0640625
0 0.659375 0.915625 0.0625 0.0625
0 0.69296875 0.85703125 0.07265625 0.0765625
0 0.70078125 0.7734375 0.0796875 0.09765625
0 0.95546875 0.92890625 0.075 0.08515625
0 0.984375 0.746875 0.03125 0.090625
0 0.978125 0.61171875 0.04375 0.0921875
0 0.14765625 0.74921875 0.0875 0.053125
0 0.159375 0.703125 0.09921875 0.05
0 0.84375 0.93984375 0.0890625 0.05703125