0 0.28125 0.184375 0.1953125 0.17578125
0 0.1421875 0.2765625 0.14140625 0.17734375
0 0.03671875 0.37578125 0.07265625 0.2453125
0 0.2203125 0.6203125 0.253125 0.171875
0 0.35703125 0.48984375 0.1546875 0.23125
0 0.58828125 0.63203125 0.17578125 0.2203125
0 0.05078125 0.7625 0.096875 0.33125
0 0.33046875 0.87734375 0.2484375 0.2453125
0 0.1734375 0.875 0.10625 0.25
0 0.51875 0.87734375 0.1875 0.2453125
0 0.6828125 0.87734375 0.13046875 0.2453125
0 0.78828125 0.65078125 0.20703125 0.16484375
0 0.93125 0.7328125 0.1375 0.24765625
0 0.54765625 0.40703125 0.1703125 0.2796875
0 0.71640625 0.22421875 0.14921875 0.23984375
0 0.625 0.2609375 0.13515625 0.209375
0 0.7125 0.43828125 0.14765625 0.26015625
0 0.87109375 0.2921875 0.14453125 0.24375
0 0.8703125 0.5390625 0.17421875 0.12578125
0 0.90390625 0.5046875 0.18828125 0.14140625
0 0.45859375 0.12109375 0.146875 0.15234375
0 0.42109375 0.16015625 0.11875 0.134375
0 0.396875 0.290625 0.13671875 0.14375
0 0.38359375 0.65625 0.24609375 0.18984375
0 0.14609375 0.5265625 0.209375 0.1359375
0 0.29453125 0.40859375 0.14921875 0.15078125