0 0.2265625 0.20390625 0.453125 0.35703125
0 0.1109375 0.56640625 0.22109375 0.3359375
0 0.340625 0.5515625 0.3234375 0.26171875
0 0.43125 0.5234375 0.24609375 0.2796875
0 0.47734375 0.49921875 0.2375 0.2828125
0 0.55625 0.48359375 0.22421875 0.30390625
0 0.6109375 0.4296875 0.2609375 0.28671875
0 0.73046875 0.403125 0.2359375 0.27421875
0 0.8375 0.703125 0.0828125 0.05234375
0 0.853125 0.6515625 0.0984375 0.0640625
0 0.75234375 0.66328125 0.09921875 0.0703125
0 0.671875 0.70390625 0.115625 0.07421875
0 0.6328125 0.79609375 0.09921875 0.06875
0 0.5640625 0.85234375 0.11640625 0.0578125
0 0.53671875 0.79140625 0.1234375 0.05546875
0 0.5828125 0.74375 0.0828125 0.05703125
0 0.4265625 0.7859375 0.109375 0.07421875
0 0.32421875 0.696875 0.12890625 0.078125
0 0.21796875 0.85078125 0.1125 0.06015625
0 0.20546875 0.79375 0.109375 0.0609375
0 0.58671875 0.94140625 0.11796875 0.05
0 0.48671875 0.95859375 0.13046875 0.08046875
0 0.46875 0.86875 0.1296875 0.090625
0 0.77265625 0.74765625 0.115625 0.06328125
0 0.77734375 0.90234375 0.08515625 0.0796875
0 0.78828125 0.84140625 0.09375 0.0484375
0 0.646875 0.9078125 0.11171875 0.07578125
0 0.35859375 0.915625 0.08359375 0.05703125
0 0.2921875 0.90390625 0.12578125 0.0515625
0 0.32421875 0.8265625 0.071875 0.0609375
0 0.28203125 0.77109375 0.084375 0.06484375