0 0.80546875 0.4015625 0.11875 0.20625
0 0.653125 0.20390625 0.13046875 0.1953125
0 0.809375 0.609375 0.11640625 0.1390625
0 0.74453125 0.71328125 0.08125 0.1671875
0 0.7046875 0.54609375 0.0984375 0.18828125
0 0.6375 0.46796875 0.14296875 0.21171875
0 0.690625 0.33828125 0.15234375 0.1671875
0 0.46015625 0.165625 0.13515625 0.15
0 0.5578125 0.196875 0.09375 0.1921875
0 0.6453125 0.71640625 0.08828125 0.0984375
0 0.671875 0.81484375 0.11640625 0.1125
0 0.59453125 0.83671875 0.09765625 0.0828125
0 0.54375 0.87734375 0.16875 0.0828125
0 0.446875 0.875 0.08828125 0.10234375
0 0.59140625 0.696875 0.1125 0.1625
0 0.490625 0.678125 0.11953125 0.17109375
0 0.3796875 0.75 0.128125 0.1375
0 0.5140625 0.553125 0.121875 0.10078125
0 0.5328125 0.3609375 0.12578125 0.17109375
0 0.5 0.4625 0.11640625 0.07734375
0 0.41796875 0.43359375 0.11875 0.19921875
0 0.325 0.2375 0.10234375 0.1921875
0 0.25234375 0.27109375 0.0953125 0.16015625
0 0.25 0.5234375 0.090625 0.1671875
0 0.18203125 0.60703125 0.0953125 0.19765625
0 0.26953125 0.71328125 0.10078125 0.12890625
0 0.3046875 0.815625 0.0859375 0.06875
0 0.37421875 0.8703125 0.0578125 0.0828125
0 0.28984375 0.40546875 0.146875 0.121875