0 0.63671875 0.3234375 0.41015625 0.22890625
0 0.828125 0.53359375 0.34375 0.2390625
0 0.4875 0.5671875 0.24296875 0.2328125
0 0.69140625 0.74609375 0.22421875 0.25234375
0 0.4015625 0.48125 0.175 0.15078125
0 0.21640625 0.21796875 0.4328125 0.3171875
0 0.121875 0.51484375 0.1828125 0.2328125
0 0.3171875 0.56796875 0.2515625 0.23125
0 0.23359375 0.68515625 0.4125 0.10546875
0 0.24296875 0.80234375 0.3828125 0.12578125
0 0.4328125 0.88125 0.215625 0.10703125
0 0.584375 0.8734375 0.196875 0.16875
0 0.540625 0.71796875 0.15859375 0.1453125
0 0.9046875 0.8640625 0.190625 0.09375
0 0.8796875 0.946875 0.240625 0.10625