0 0.4265625 0.584375 0.18671875 0.09609375
0 0.36875 0.61484375 0.10859375 0.13203125
0 0.30703125 0.65859375 0.07578125 0.15546875
0 0.240625 0.665625 0.05546875 0.0875
0 0.1796875 0.609375 0.1546875 0.12109375
0 0.39453125 0.42578125 0.140625 0.1140625
0 0.1796875 0.4390625 0.17265625 0.12265625
0 0.109375 0.4859375 0.19375 0.0875
0 0.44609375 0.47578125 0.184375 0.09296875
0 0.4171875 0.2609375 0.08515625 0.12265625
0 0.47890625 0.2921875 0.13359375 0.103125
0 0.55703125 0.30234375 0.07421875 0.12265625
0 0.58671875 0.35625 0.13828125 0.06796875
0 0.6390625 0.39375 0.1546875 0.05703125
0 0.67890625 0.41171875 0.14765625 0.103125
0 0.66640625 0.48359375 0.21484375 0.06953125
0 0.65703125 0.53125 0.21015625 0.0640625
0 0.67109375 0.5671875 0.20078125 0.075
0 0.6875 0.621875 0.16875 0.078125
0 0.6328125 0.65546875 0.13828125 0.09453125
0 0.58203125 0.6875 0.14296875 0.13046875
0 0.50625 0.72109375 0.0875 0.12265625
0 0.440625 0.7609375 0.1359375 0.125
0 0.3734375 0.81015625 0.09921875 0.12265625
0 0.3078125 0.81171875 0.0875 0.140625
0 0.25 0.821875 0.0875 0.14296875
0 0.16484375 0.834375 0.096875 0.14609375
0 0.11953125 0.790625 0.0390625 0.140625
0 0.07734375 0.7640625 0.1203125 0.11953125
0 0.0390625 0.71015625 0.078125 0.0859375
0 0.9265625 0.85078125 0.146875 0.20390625
0 0.77734375 0.96640625 0.2609375 0.0671875