0 0.78671875 0.63046875 0.12734375 0.1390625
0 0.584375 0.8828125 0.14609375 0.1390625
0 0.72890625 0.45625 0.084375 0.2171875
0 0.75625 0.36875 0.1015625 0.10546875
0 0.83671875 0.29296875 0.078125 0.1484375
0 0.71953125 0.259375 0.10546875 0.1375
0 0.7671875 0.1484375 0.05859375 0.1265625
0 0.6 0.3609375 0.15390625 0.125
0 0.57421875 0.215625 0.19375 0.190625
0 0.684375 0.09921875 0.10546875 0.134375
0 0.54453125 0.55234375 0.0890625 0.15546875
0 0.45390625 0.6921875 0.1484375 0.21015625
0 0.48828125 0.83984375 0.10859375 0.0953125
0 0.4203125 0.85546875 0.0609375 0.10234375
0 0.31015625 0.81640625 0.16484375 0.1515625
0 0.3203125 0.66015625 0.125 0.16953125
0 0.2171875 0.584375 0.13671875 0.1765625
0 0.3390625 0.49140625 0.09921875 0.1953125
0 0.43046875 0.4578125 0.12421875 0.23828125
0 0.33125 0.3265625 0.1296875 0.1484375
0 0.35234375 0.19453125 0.11953125 0.1796875
0 0.38125 0.06796875 0.10625 0.1359375
0 0.55 0.0421875 0.084375 0.084375
0 0.66328125 0.73203125 0.084375 0.134375
0 0.58125 0.71796875 0.075 0.08828125
0 0.64609375 0.55078125 0.078125 0.19375
0 0.2359375 0.25625 0.0640625 0.221875
0 0.27734375 0.13828125 0.04765625 0.084375