0 0.21875 0.4171875 0.3203125 0.3078125
0 0.55859375 0.240625 0.29140625 0.3109375
0 0.52265625 0.76875 0.32734375 0.40703125
0 0.88203125 0.5875 0.2359375 0.3328125
0 0.86875 0.16796875 0.23671875 0.1296875
0 0.0375 0.5875 0.075 0.11171875
0 0.09453125 0.69296875 0.11015625 0.11015625
0 0.18203125 0.73125 0.11171875 0.09453125
0 0.2890625 0.725 0.07265625 0.1171875
0 0.1953125 0.93046875 0.08515625 0.065625
0 0.26640625 0.9296875 0.07109375 0.0640625
0 0.67734375 0.503125 0.0890625 0.09921875
0 0.53984375 0.4734375 0.11171875 0.09453125
0 0.36328125 0.5765625 0.11875 0.0765625
0 0.73828125 0.89921875 0.11171875 0.18125
0 0.4046875 0.0375 0.07265625 0.0640625
0 0.340625 0.084375 0.0625 0.0625
0 0.30703125 0.14296875 0.07265625 0.0765625
0 0.29921875 0.2265625 0.0796875 0.09765625
0 0.04453125 0.07109375 0.075 0.08515625
0 0.015625 0.253125 0.03125 0.090625
0 0.021875 0.38828125 0.04375 0.0921875
0 0.85234375 0.25078125 0.0875 0.053125
0 0.840625 0.296875 0.09921875 0.05
0 0.15625 0.06015625 0.0890625 0.05703125