0 0.13828125 0.2703125 0.2765625 0.278125
0 0.5578125 0.28515625 0.35703125 0.309375
0 0.27578125 0.55859375 0.35234375 0.29140625
0 0.1296875 0.87109375 0.2546875 0.2578125
0 0.53984375 0.59140625 0.13828125 0.09921875
0 0.66171875 0.64140625 0.11796875 0.1046875
0 0.7671875 0.5890625 0.11171875 0.07421875
0 0.5328125 0.71953125 0.13828125 0.08515625
0 0.459375 0.82421875 0.16796875 0.1046875
0 0.475 0.9453125 0.0953125 0.109375
0 0.57734375 0.909375 0.11328125 0.09453125
0 0.6140625 0.98125 0.103125 0.0375
0 0.68828125 0.9 0.07265625 0.1015625
0 0.62578125 0.821875 0.1296875 0.1046875
0 0.7296875 0.7984375 0.090625 0.07578125
0 0.6921875 0.75078125 0.084375 0.059375
0 0.7125 0.71015625 0.0703125 0.06171875
0 0.77265625 0.653125 0.12734375 0.0703125
0 0.78515625 0.73984375 0.09765625 0.11015625
0 0.865625 0.7296875 0.090625 0.09765625
0 0.8953125 0.80078125 0.08203125 0.046875
0 0.79453125 0.840625 0.125 0.0796875
0 0.7671875 0.93046875 0.090625 0.1390625
0 0.9171875 0.91640625 0.11171875 0.06875
0 0.87578125 0.9734375 0.065625 0.053125
0 0.95078125 0.97734375 0.0703125 0.0453125