0 0.49453125 0.1234375 0.23359375 0.12890625
0 0.46171875 0.20078125 0.2640625 0.05390625
0 0.51640625 0.2515625 0.259375 0.0484375
0 0.45859375 0.2921875 0.25078125 0.0609375
0 0.5234375 0.33125 0.259375 0.04296875
0 0.4671875 0.35234375 0.2359375 0.08046875
0 0.51015625 0.3953125 0.24296875 0.0484375
0 0.45703125 0.428125 0.23828125 0.046875
0 0.5015625 0.47421875 0.24296875 0.0375
0 0.46015625 0.5015625 0.23828125 0.04296875
0 0.4953125 0.54765625 0.22109375 0.034375
0 0.5046875 0.5859375 0.22734375 0.0359375
0 0.4515625 0.61953125 0.19375 0.04140625
0 0.49765625 0.65234375 0.2421875 0.046875
0 0.4578125 0.6953125 0.20234375 0.04296875
0 0.5125 0.73359375 0.18984375 0.0265625
0 0.46875 0.75859375 0.18125 0.05546875
0 0.48984375 0.80390625 0.2015625 0.0265625