0 0.7734375 0.20390625 0.453125 0.35703125
0 0.8890625 0.56640625 0.22109375 0.3359375
0 0.659375 0.5515625 0.3234375 0.26171875
0 0.56875 0.5234375 0.24609375 0.2796875
0 0.52265625 0.49921875 0.2375 0.2828125
0 0.44375 0.48359375 0.22421875 0.30390625
0 0.3890625 0.4296875 0.2609375 0.28671875
0 0.26953125 0.403125 0.2359375 0.27421875
0 0.1625 0.703125 0.0828125 0.05234375
0 0.146875 0.6515625 0.0984375 0.0640625
0 0.24765625 0.66328125 0.09921875 0.0703125
0 0.328125 0.70390625 0.115625 0.07421875
0 0.3671875 0.79609375 0.09921875 0.06875
0 0.4359375 0.85234375 0.11640625 0.0578125
0 0.46328125 0.79140625 0.1234375 0.05546875
0 0.4171875 0.74375 0.0828125 0.05703125
0 0.5734375 0.7859375 0.109375 0.07421875
0 0.67578125 0.696875 0.12890625 0.078125
0 0.78203125 0.85078125 0.1125 0.06015625
0 0.79453125 0.79375 0.109375 0.0609375
0 0.41328125 0.94140625 0.11796875 0.05
0 0.51328125 0.95859375 0.13046875 0.08046875
0 0.53125 0.86875 0.1296875 0.090625
0 0.22734375 0.74765625 0.115625 0.06328125
0 0.22265625 0.90234375 0.08515625 0.0796875
0 0.21171875 0.84140625 0.09375 0.0484375
0 0.353125 0.9078125 0.11171875 0.07578125
0 0.64140625 0.915625 0.08359375 0.05703125
0 0.7078125 0.90390625 0.12578125 0.0515625
0 0.67578125 0.8265625 0.071875 0.0609375
0 0.71796875 0.77109375 0.084375 0.06484375