0 0.33984375 0.2734375 0.19140625 0.10234375
0 0.29375 0.31875 0.21640625 0.09453125
0 0.340625 0.3671875 0.18828125 0.09609375
0 0.47421875 0.39375 0.1328125 0.09453125
0 0.6265625 0.3859375 0.16640625 0.0875
0 0.7203125 0.35546875 0.2109375 0.08125
0 0.734375 0.30546875 0.24921875 0.07109375
0 0.67109375 0.27265625 0.16640625 0.109375
0 0.55546875 0.234375 0.13046875 0.07421875
0 0.4203125 0.2375 0.13046875 0.08359375
0 0.5046875 0.296875 0.14375 0.09453125
0 0.53046875 0.6453125 0.26328125 0.1484375
0 0.771875 0.64453125 0.16875 0.09140625
0 0.83046875 0.56484375 0.21328125 0.109375
0 0.6359375 0.48671875 0.22421875 0.0578125
0 0.2328125 0.53125 0.23828125 0.09140625
0 0.26171875 0.60703125 0.27421875 0.04765625
0 0.29765625 0.63515625 0.31328125 0.04140625
0 0.32265625 0.675 0.2296875 0.07109375
0 0.4296875 0.52265625 0.2328125 0.03046875
0 0.38125 0.55859375 0.2359375 0.0390625
0 0.5734375 0.53359375 0.1 0.084375
0 0.3671875 0.4765625 0.16328125 0.03671875
0 0.478125 0.496875 0.16328125 0.0265625
0 0.57265625 0.8359375 0.16875 0.07734375
0 0.578125 0.89375 0.31875 0.0515625
0 0.64140625 0.9484375 0.20234375 0.084375
0 0.80234375 0.84375 0.2296875 0.06640625
0 0.6828125 0.809375 0.11953125 0.08203125
0 0.83828125 0.81953125 0.20234375 0.059375
0 0.553125 0.77421875 0.096875 0.05703125
0 0.4625 0.790625 0.22734375 0.028125