0 0.38828125 0.36484375 0.37421875 0.1859375
0 0.521875 0.75 0.43046875 0.21640625
0 0.72421875 0.65546875 0.37421875 0.184375
0 0.6109375 0.52734375 0.3703125 0.125
0 0.84375 0.48125 0.18203125 0.12890625
0 0.25390625 0.6640625 0.21328125 0.16640625
0 0.1359375 0.515625 0.1578125 0.11640625
0 0.32109375 0.5203125 0.2015625 0.1109375
0 0.1609375 0.175 0.15390625 0.075
0 0.11484375 0.03671875 0.1421875 0.04453125
0 0.0828125 0.13515625 0.1171875 0.04140625
0 0.23984375 0.12421875 0.13828125 0.04140625
0 0.2703125 0.075 0.06171875 0.05
0 0.190625 0.0875 0.12109375 0.04296875
0 0.09453125 0.08203125 0.125 0.04296875