0 0.1625 0.50546875 0.121875 0.27265625
0 0.08203125 0.82578125 0.11484375 0.28359375
0 0.2234375 0.85703125 0.11640625 0.2859375
0 0.35859375 0.83046875 0.171875 0.14765625
0 0.39609375 0.928125 0.23515625 0.14296875
0 0.31484375 0.41640625 0.2109375 0.184375
0 0.28046875 0.246875 0.25390625 0.28359375
0 0.4328125 0.5625 0.1265625 0.28671875
0 0.50078125 0.51875 0.103125 0.24296875
0 0.540625 0.4734375 0.1578125 0.196875
0 0.61015625 0.16875 0.2484375 0.28828125
0 0.48203125 0.04140625 0.14921875 0.06875
0 0.82421875 0.59921875 0.2765625 0.3640625