0 0.61171875 0.36484375 0.37421875 0.1859375
0 0.478125 0.75 0.43046875 0.21640625
0 0.27578125 0.65546875 0.37421875 0.184375
0 0.3890625 0.52734375 0.3703125 0.125
0 0.15625 0.48125 0.18203125 0.12890625
0 0.74609375 0.6640625 0.21328125 0.16640625
0 0.8640625 0.515625 0.1578125 0.11640625
0 0.67890625 0.5203125 0.2015625 0.1109375
0 0.8390625 0.175 0.15390625 0.075
0 0.88515625 0.03671875 0.1421875 0.04453125
0 0.9171875 0.13515625 0.1171875 0.04140625
0 0.76015625 0.12421875 0.13828125 0.04140625
0 0.7296875 0.075 0.06171875 0.05
0 0.809375 0.0875 0.12109375 0.04296875
0 0.90546875 0.08203125 0.125 0.04296875