0 0.7875 0.80078125 0.2109375 0.31015625
0 0.94609375 0.79765625 0.1078125 0.28203125
0 0.88828125 0.5 0.2109375 0.315625
0 0.29765625 0.8015625 0.221875 0.30859375
0 0.3171875 0.528125 0.1546875 0.20234375
0 0.4578125 0.73671875 0.0984375 0.24140625
0 0.54609375 0.67578125 0.07265625 0.21875
0 0.56875 0.4359375 0.0953125 0.303125
0 0.47890625 0.3515625 0.11640625 0.25
0 0.4296875 0.4703125 0.090625 0.23125
0 0.478125 0.53828125 0.0421875 0.1125
0 0.4625 0.878125 0.1421875 0.084375
0 0.32265625 0.309375 0.1890625 0.25703125
0 0.42265625 0.17578125 0.18515625 0.121875
0 0.11796875 0.3890625 0.12421875 0.290625
0 0.10859375 0.67578125 0.103125 0.24296875
0 0.2484375 0.1765625 0.15859375 0.15546875