0 0.3375 0.51484375 0.303125 0.23671875
0 0.5453125 0.4984375 0.25390625 0.18515625
0 0.6734375 0.44765625 0.2703125 0.178125
0 0.815625 0.4078125 0.2265625 0.16171875
0 0.9328125 0.39375 0.13359375 0.12890625
0 0.25390625 0.2703125 0.21875 0.27421875
0 0.38125 0.23203125 0.1390625 0.27109375
0 0.5125 0.20390625 0.19921875 0.25078125
0 0.653125 0.19765625 0.19140625 0.23125
0 0.8359375 0.19765625 0.196875 0.2421875
0 0.10390625 0.07890625 0.19140625 0.1578125
0 0.2203125 0.059375 0.19375 0.11796875
0 0.3703125 0.0453125 0.1828125 0.090625
0 0.51796875 0.0359375 0.1578125 0.071875
0 0.66796875 0.0328125 0.128125 0.065625