0 0.88125 0.79296875 0.12109375 0.20078125
0 0.7671875 0.83359375 0.11015625 0.19921875
0 0.52421875 0.8171875 0.20703125 0.22421875
0 0.20234375 0.80390625 0.2296875 0.22265625
0 0.7828125 0.496875 0.10859375 0.1921875
0 0.865625 0.484375 0.0828125 0.21015625
0 0.57421875 0.52734375 0.12421875 0.228125
0 0.44921875 0.44375 0.16484375 0.171875
0 0.18046875 0.48359375 0.21015625 0.2265625
0 0.76953125 0.17890625 0.19140625 0.20078125
0 0.846875 0.23203125 0.17734375 0.15
0 0.5203125 0.19609375 0.17734375 0.159375
0 0.1796875 0.171875 0.215625 0.21875