0 0.76796875 0.1296875 0.32265625 0.22734375
0 0.94921875 0.27265625 0.084375 0.2328125
0 0.48125 0.2609375 0.30625 0.09296875
0 0.25234375 0.36484375 0.21015625 0.0671875
0 0.47421875 0.52734375 0.28125 0.0578125
0 0.2609375 0.5609375 0.128125 0.1546875
0 0.065625 0.49453125 0.13125 0.109375
0 0.8390625 0.40625 0.109375 0.08203125
0 0.54609375 0.41484375 0.31171875 0.03984375
0 0.490625 0.6125 0.1828125 0.1125
0 0.6734375 0.5171875 0.11171875 0.121875
0 0.81953125 0.4796875 0.14765625 0.0546875
0 0.62421875 0.3546875 0.0953125 0.07265625
0 0.4890625 0.34375 0.1421875 0.04765625
0 0.171875 0.42421875 0.30078125 0.05625