0 0.2390625 0.25859375 0.14765625 0.19921875
0 0.6890625 0.1796875 0.12109375 0.18671875
0 0.81484375 0.28671875 0.1328125 0.21015625
0 0.384375 0.8953125 0.1375 0.2046875
0 0.2703125 0.91015625 0.0875 0.1796875
0 0.21875 0.775 0.1328125 0.1921875
0 0.60390625 0.85234375 0.0515625 0.1390625
0 0.6859375 0.85703125 0.06328125 0.1484375
0 0.76015625 0.85859375 0.03046875 0.1625
0 0.64609375 0.6203125 0.04609375 0.1265625
0 0.82109375 0.63828125 0.04453125 0.14140625
0 0.775 0.621875 0.0296875 0.1234375
0 0.80078125 0.86484375 0.0328125 0.121875
0 0.68828125 0.621875 0.028125 0.14140625