0 0.19453125 0.5984375 0.11875 0.20625
0 0.346875 0.79609375 0.13046875 0.1953125
0 0.190625 0.390625 0.11640625 0.1390625
0 0.25546875 0.28671875 0.08125 0.1671875
0 0.2953125 0.45390625 0.0984375 0.18828125
0 0.3625 0.53203125 0.14296875 0.21171875
0 0.309375 0.66171875 0.15234375 0.1671875
0 0.53984375 0.834375 0.13515625 0.15
0 0.4421875 0.803125 0.09375 0.1921875
0 0.3546875 0.28359375 0.08828125 0.0984375
0 0.328125 0.18515625 0.11640625 0.1125
0 0.40546875 0.16328125 0.09765625 0.0828125
0 0.45625 0.12265625 0.16875 0.0828125
0 0.553125 0.125 0.08828125 0.10234375
0 0.40859375 0.303125 0.1125 0.1625
0 0.509375 0.321875 0.11953125 0.17109375
0 0.6203125 0.25 0.128125 0.1375
0 0.4859375 0.446875 0.121875 0.10078125
0 0.4671875 0.6390625 0.12578125 0.17109375
0 0.5 0.5375 0.11640625 0.07734375
0 0.58203125 0.56640625 0.11875 0.19921875
0 0.675 0.7625 0.10234375 0.1921875
0 0.74765625 0.72890625 0.0953125 0.16015625
0 0.75 0.4765625 0.090625 0.1671875
0 0.81796875 0.39296875 0.0953125 0.19765625
0 0.73046875 0.28671875 0.10078125 0.12890625
0 0.6953125 0.184375 0.0859375 0.06875
0 0.62578125 0.1296875 0.0578125 0.0828125
0 0.71015625 0.59453125 0.146875 0.121875