0 0.8609375 0.1265625 0.1875 0.22734375
0 0.8953125 0.42578125 0.19296875 0.21875
0 0.84765625 0.74375 0.20078125 0.2609375
0 0.16796875 0.05859375 0.08515625 0.08515625
0 0.28046875 0.0734375 0.10234375 0.1015625
0 0.0578125 0.1734375 0.0921875 0.0765625
0 0.04375 0.25390625 0.0609375 0.075
0 0.071875 0.32890625 0.05625 0.075
0 0.09609375 0.24453125 0.034375 0.08359375
0 0.13515625 0.23046875 0.0546875 0.1046875
0 0.16640625 0.15 0.07421875 0.0765625
0 0.2 0.19140625 0.0453125 0.065625
0 0.1828125 0.2859375 0.07578125 0.0890625
0 0.1703125 0.36875 0.109375 0.06953125
0 0.1140625 0.45625 0.0546875 0.0765625
0 0.0953125 0.5421875 0.08359375 0.08203125
0 0.03828125 0.64453125 0.0625 0.09765625
0 0.090625 0.615625 0.05859375 0.0765625
0 0.10703125 0.671875 0.1 0.06015625
0 0.11171875 0.734375 0.07421875 0.0640625
0 0.1484375 0.9015625 0.04375 0.08515625
0 0.17734375 0.86015625 0.04765625 0.05703125
0 0.23984375 0.85859375 0.05859375 0.06015625
0 0.19375 0.79609375 0.0921875 0.0640625
0 0.20078125 0.72109375 0.0796875 0.0796875
0 0.31171875 0.64140625 0.05859375 0.11015625
0 0.28125 0.5015625 0.11015625 0.075
0 0.2078125 0.609375 0.0828125 0.078125