0 0.7609375 0.25859375 0.14765625 0.19921875
0 0.3109375 0.1796875 0.12109375 0.18671875
0 0.18515625 0.28671875 0.1328125 0.21015625
0 0.615625 0.8953125 0.1375 0.2046875
0 0.7296875 0.91015625 0.0875 0.1796875
0 0.78125 0.775 0.1328125 0.1921875
0 0.39609375 0.85234375 0.0515625 0.1390625
0 0.3140625 0.85703125 0.06328125 0.1484375
0 0.23984375 0.85859375 0.03046875 0.1625
0 0.35390625 0.6203125 0.04609375 0.1265625
0 0.17890625 0.63828125 0.04453125 0.14140625
0 0.225 0.621875 0.0296875 0.1234375
0 0.19921875 0.86484375 0.0328125 0.121875
0 0.31171875 0.621875 0.028125 0.14140625