0 0.6453125 0.14453125 0.14921875 0.28828125
0 0.56875 0.11953125 0.0765625 0.2390625
0 0.54921875 0.128125 0.09765625 0.25625
0 0.4546875 0.06328125 0.09375 0.1265625
0 0.41171875 0.2 0.234375 0.22265625
0 0.3515625 0.30234375 0.2171875 0.265625
0 0.3125 0.45703125 0.2421875 0.1078125
0 0.3046875 0.54609375 0.253125 0.08671875
0 0.3453125 0.61796875 0.2265625 0.128125
0 0.321875 0.7234375 0.21328125 0.09765625
0 0.303125 0.78984375 0.14765625 0.09453125
0 0.38828125 0.78046875 0.221875 0.18828125
0 0.4171875 0.85703125 0.1953125 0.19609375
0 0.55625 0.8671875 0.12890625 0.26484375
0 0.64765625 0.83359375 0.13203125 0.29609375
0 0.11953125 0.08515625 0.23671875 0.165625