0 0.1140625 0.0875 0.1140625 0.1171875
0 0.02421875 0.21328125 0.04765625 0.13828125
0 0.02421875 0.07265625 0.04765625 0.13125
0 0.26484375 0.2734375 0.1140625 0.10703125
0 0.11484375 0.5921875 0.115625 0.12109375
0 0.02578125 0.5828125 0.04765625 0.13828125
0 0.02421875 0.7140625 0.04765625 0.12265625
0 0.27265625 0.76953125 0.1015625 0.128125
0 0.3953125 0.72421875 0.1265625 0.1296875
0 0.45 0.65546875 0.09921875 0.07265625
0 0.47734375 0.75859375 0.04765625 0.1296875
0 0.52421875 0.70234375 0.0359375 0.1140625
0 0.52734375 0.584375 0.04453125 0.1296875
0 0.61796875 0.59296875 0.115625 0.11171875
0 0.75 0.79921875 0.075 0.1015625
0 0.815625 0.76875 0.04609375 0.11171875
0 0.91015625 0.72265625 0.075 0.09765625
0 0.87578125 0.8984375 0.0375 0.040625
0 0.9171875 0.84453125 0.1171875 0.04609375
0 0.9515625 0.61484375 0.096875 0.16015625
0 0.9265625 0.19296875 0.103125 0.11875
0 0.77421875 0.26953125 0.1296875 0.08359375
0 0.6171875 0.08359375 0.1171875 0.12109375
0 0.52734375 0.2 0.04453125 0.1296875
0 0.5234375 0.06875 0.04453125 0.1265625