0 0.6625 0.51484375 0.303125 0.23671875
0 0.4546875 0.4984375 0.25390625 0.18515625
0 0.3265625 0.44765625 0.2703125 0.178125
0 0.184375 0.4078125 0.2265625 0.16171875
0 0.0671875 0.39375 0.13359375 0.12890625
0 0.74609375 0.2703125 0.21875 0.27421875
0 0.61875 0.23203125 0.1390625 0.27109375
0 0.4875 0.20390625 0.19921875 0.25078125
0 0.346875 0.19765625 0.19140625 0.23125
0 0.1640625 0.19765625 0.196875 0.2421875
0 0.89609375 0.07890625 0.19140625 0.1578125
0 0.7796875 0.059375 0.19375 0.11796875
0 0.6296875 0.0453125 0.1828125 0.090625
0 0.48203125 0.0359375 0.1578125 0.071875
0 0.33203125 0.0328125 0.128125 0.065625