0 0.28203125 0.56875 0.21484375 0.1421875
0 0.74453125 0.75859375 0.11015625 0.23671875
0 0.825 0.73125 0.0671875 0.23671875
0 0.64375 0.6734375 0.17421875 0.05703125
0 0.634375 0.7265625 0.13125 0.0625
0 0.63671875 0.78203125 0.103125 0.04296875
0 0.57890625 0.47109375 0.23984375 0.11015625
0 0.8203125 0.515625 0.1265625 0.10703125
0 0.26328125 0.65234375 0.1171875 0.0671875
0 0.47890625 0.58515625 0.1546875 0.0921875
0 0.284375 0.44609375 0.20625 0.078125
0 0.20234375 0.77265625 0.07109375 0.1265625
0 0.33046875 0.79765625 0.1703125 0.140625
0 0.47265625 0.6578125 0.153125 0.04609375