0 0.3375 0.48515625 0.303125 0.23671875
0 0.5453125 0.5015625 0.25390625 0.18515625
0 0.6734375 0.55234375 0.2703125 0.178125
0 0.815625 0.5921875 0.2265625 0.16171875
0 0.9328125 0.60625 0.13359375 0.12890625
0 0.25390625 0.7296875 0.21875 0.27421875
0 0.38125 0.76796875 0.1390625 0.27109375
0 0.5125 0.79609375 0.19921875 0.25078125
0 0.653125 0.80234375 0.19140625 0.23125
0 0.8359375 0.80234375 0.196875 0.2421875
0 0.10390625 0.92109375 0.19140625 0.1578125
0 0.2203125 0.940625 0.19375 0.11796875
0 0.3703125 0.9546875 0.1828125 0.090625
0 0.51796875 0.9640625 0.1578125 0.071875
0 0.66796875 0.9671875 0.128125 0.065625