0 0.24296875 0.23046875 0.15078125 0.228125
0 0.75390625 0.284375 0.10625 0.12421875
0 0.8875 0.2890625 0.1 0.15234375
0 0.2203125 0.740625 0.0765625 0.071875
0 0.33828125 0.7703125 0.09765625 0.1203125
0 0.34609375 0.915625 0.08515625 0.14296875
0 0.40703125 0.84765625 0.09375 0.1546875
0 0.63359375 0.64140625 0.05546875 0.1828125
0 0.696875 0.64140625 0.0453125 0.1453125
0 0.7640625 0.64453125 0.06875 0.14296875
0 0.8359375 0.63671875 0.0640625 0.15859375
0 0.690625 0.8421875 0.04921875 0.1546875
0 0.7453125 0.84453125 0.04609375 0.15859375
0 0.7875 0.83984375 0.05546875 0.1375
0 0.82890625 0.87734375 0.0578125 0.11875
0 0.896875 0.85703125 0.0890625 0.18125