0 0.61171875 0.63515625 0.37421875 0.1859375
0 0.478125 0.25 0.43046875 0.21640625
0 0.27578125 0.34453125 0.37421875 0.184375
0 0.3890625 0.47265625 0.3703125 0.125
0 0.15625 0.51875 0.18203125 0.12890625
0 0.74609375 0.3359375 0.21328125 0.16640625
0 0.8640625 0.484375 0.1578125 0.11640625
0 0.67890625 0.4796875 0.2015625 0.1109375
0 0.8390625 0.825 0.15390625 0.075
0 0.88515625 0.96328125 0.1421875 0.04453125
0 0.9171875 0.86484375 0.1171875 0.04140625
0 0.76015625 0.87578125 0.13828125 0.04140625
0 0.7296875 0.925 0.06171875 0.05
0 0.809375 0.9125 0.12109375 0.04296875
0 0.90546875 0.91796875 0.125 0.04296875