0 0.04765625 0.40859375 0.0921875 0.1109375
0 0.03125 0.50078125 0.0625 0.121875
0 0.0828125 0.5578125 0.1 0.134375
0 0.1421875 0.490625 0.075 0.0953125
0 0.15625 0.42890625 0.08828125 0.1203125
0 0.20546875 0.49375 0.04921875 0.0796875
0 0.26328125 0.496875 0.07578125 0.0828125
0 0.40625 0.3859375 0.09140625 0.125
0 0.32109375 0.59375 0.078125 0.1109375
0 0.39765625 0.653125 0.071875 0.0953125
0 0.2421875 0.64609375 0.103125 0.1375
0 0.13125 0.6296875 0.09140625 0.09375
0 0.0296875 0.68203125 0.059375 0.07578125
0 0.09765625 0.734375 0.09453125 0.11640625
0 0.19375 0.734375 0.096875 0.14453125
0 0.30546875 0.75625 0.10859375 0.13984375
0 0.39140625 0.8015625 0.05859375 0.0953125
0 0.46015625 0.83515625 0.09453125 0.10234375