0 0.71875 0.815625 0.1953125 0.17578125
0 0.8578125 0.7234375 0.14140625 0.17734375
0 0.96328125 0.62421875 0.07265625 0.2453125
0 0.7796875 0.3796875 0.253125 0.171875
0 0.64296875 0.51015625 0.1546875 0.23125
0 0.41171875 0.36796875 0.17578125 0.2203125
0 0.94921875 0.2375 0.096875 0.33125
0 0.66953125 0.12265625 0.2484375 0.2453125
0 0.8265625 0.125 0.10625 0.25
0 0.48125 0.12265625 0.1875 0.2453125
0 0.3171875 0.12265625 0.13046875 0.2453125
0 0.21171875 0.34921875 0.20703125 0.16484375
0 0.06875 0.2671875 0.1375 0.24765625
0 0.45234375 0.59296875 0.1703125 0.2796875
0 0.28359375 0.77578125 0.14921875 0.23984375
0 0.375 0.7390625 0.13515625 0.209375
0 0.2875 0.56171875 0.14765625 0.26015625
0 0.12890625 0.7078125 0.14453125 0.24375
0 0.1296875 0.4609375 0.17421875 0.12578125
0 0.09609375 0.4953125 0.18828125 0.14140625
0 0.54140625 0.87890625 0.146875 0.15234375
0 0.57890625 0.83984375 0.11875 0.134375
0 0.603125 0.709375 0.13671875 0.14375
0 0.61640625 0.34375 0.24609375 0.18984375
0 0.85390625 0.4734375 0.209375 0.1359375
0 0.70546875 0.59140625 0.14921875 0.15078125