0 0.315625 0.0484375 0.2375 0.09609375
0 0.9015625 0.86171875 0.196875 0.16328125
0 0.63828125 0.58515625 0.10625 0.13125
0 0.534375 0.5578125 0.10078125 0.0765625
0 0.38515625 0.5203125 0.16953125 0.07265625
0 0.4265625 0.61171875 0.09296875 0.09609375
0 0.50234375 0.62265625 0.0546875 0.0671875
0 0.55703125 0.62734375 0.08203125 0.065625
0 0.303125 0.571875 0.10390625 0.0421875
0 0.33203125 0.6203125 0.10625 0.065625
0 0.2421875 0.55625 0.128125 0.04375
0 0.209375 0.4734375 0.18828125 0.0453125
0 0.21328125 0.5171875 0.18046875 0.0453125
0 0.22421875 0.421875 0.2078125 0.04765625
0 0.25390625 0.38125 0.196875 0.0671875
0 0.24609375 0.3375 0.1640625 0.1
0 0.24609375 0.2875 0.12578125 0.07265625
0 0.3125 0.26328125 0.1171875 0.0796875
0 0.38828125 0.23125 0.15859375 0.1203125
0 0.5078125 0.20546875 0.0875 0.1125
0 0.5890625 0.234375 0.0734375 0.109375
0 0.684375 0.2609375 0.10625 0.08515625
0 0.740625 0.290625 0.14765625 0.0765625
0 0.8015625 0.34765625 0.1609375 0.06875
0 0.8359375 0.38984375 0.12578125 0.03828125
0 0.78828125 0.4171875 0.10625 0.06015625
0 0.79921875 0.478125 0.1828125 0.065625
0 0.81171875 0.528125 0.0875 0.07109375
0 0.72421875 0.54609375 0.14765625 0.10390625
0 0.7171875 0.59453125 0.06796875 0.07265625
0 0.3921875 0.1375 0.0625 0.05234375
0 0.45625 0.1296875 0.07109375 0.07109375
0 0.5109375 0.13828125 0.08203125 0.05078125
0 0.6078125 0.1515625 0.08984375 0.0890625
0 0.68203125 0.17265625 0.084375 0.08359375
0 0.7390625 0.18515625 0.07890625 0.0578125
0 0.790625 0.22421875 0.08984375 0.078125
0 0.8578125 0.25546875 0.13125 0.07421875
0 0.91015625 0.29765625 0.14765625 0.05625
0 0.9203125 0.334375 0.159375 0.05625
0 0.9328125 0.38125 0.13359375 0.05234375
0 0.91484375 0.42265625 0.1703125 0.0609375
0 0.92578125 0.46796875 0.1484375 0.0890625
0 0.94765625 0.52578125 0.1046875 0.0671875
0 0.89921875 0.55 0.153125 0.11484375
0 0.85078125 0.62265625 0.08984375 0.11796875
0 0.815625 0.66484375 0.0515625 0.121875
0 0.7390625 0.6703125 0.10625 0.1328125
0 0.709375 0.71484375 0.0734375 0.11640625
0 0.64375 0.71328125 0.0625 0.11484375
0 0.5859375 0.70703125 0.06796875 0.11640625
0 0.54921875 0.7015625 0.065625 0.12734375
0 0.4796875 0.70546875 0.07890625 0.12734375
0 0.41015625 0.7015625 0.1203125 0.13125
0 0.3265625 0.71328125 0.128125 0.0671875
0 0.2921875 0.6875 0.1421875 0.0578125
0 0.24609375 0.68515625 0.0875 0.06171875
0 0.19375 0.6578125 0.196875 0.03984375
0 0.1765625 0.628125 0.2046875 0.0453125
0 0.12421875 0.59609375 0.16640625 0.05078125
0 0.12734375 0.56484375 0.128125 0.03125
0 0.08046875 0.5375 0.1390625 0.06328125
0 0.053125 0.4890625 0.10625 0.0578125
0 0.065625 0.440625 0.13125 0.05234375
0 0.08046875 0.38671875 0.1390625 0.05234375
0 0.08984375 0.34609375 0.13125 0.08203125
0 0.1203125 0.32421875 0.13125 0.0671875
0 0.15703125 0.24375 0.06796875 0.10546875
0 0.21484375 0.2078125 0.05703125 0.08203125
0 0.26484375 0.1890625 0.04375 0.07265625
0 0.31015625 0.17578125 0.07890625 0.09296875
0 0.41796875 0.19921875 0.11484375 0.08203125