0 0.11796875 0.46328125 0.21875 0.140625
0 0.12734375 0.57421875 0.228125 0.08125
0 0.45390625 0.390625 0.1921875 0.1390625
0 0.3515625 0.40859375 0.0765625 0.12265625
0 0.31640625 0.415625 0.0734375 0.11328125
0 0.40625 0.5875 0.2078125 0.190625
0 0.65859375 0.63671875 0.1921875 0.15078125
0 0.703125 0.49921875 0.18125 0.17265625
0 0.76015625 0.4203125 0.1796875 0.19453125
0 0.63359375 0.41875 0.0796875 0.13125
0 0.65859375 0.18359375 0.16640625 0.28359375
0 0.83515625 0.2328125 0.17421875 0.32734375
0 0.5296875 0.13671875 0.153125 0.2734375
0 0.76015625 0.0921875 0.14921875 0.18046875
0 0.59921875 0.77109375 0.2046875 0.0890625
0 0.62578125 0.8640625 0.128125 0.09296875
0 0.7203125 0.834375 0.0859375 0.23203125
0 0.8 0.79140625 0.09765625 0.09140625