0 0.8234375 0.1828125 0.18515625 0.190625
0 0.5140625 0.1984375 0.2375 0.22890625
0 0.27109375 0.19765625 0.09453125 0.234375
0 0.19765625 0.1984375 0.0765625 0.22890625
0 0.10625 0.21953125 0.115625 0.22890625
0 0.8796875 0.509375 0.090625 0.21875
0 0.77421875 0.50625 0.11875 0.2359375
0 0.57265625 0.52421875 0.134375 0.2234375
0 0.44765625 0.47578125 0.12578125 0.22734375
0 0.19375 0.50625 0.2375 0.253125
0 0.7640625 0.82890625 0.21015625 0.178125
0 0.86796875 0.8015625 0.18359375 0.19375
0 0.5234375 0.7875 0.20078125 0.1625
0 0.42421875 0.81796875 0.14140625 0.2203125
0 0.19609375 0.82265625 0.2625 0.15546875