0 0.525 0.71015625 0.2640625 0.51796875
0 0.34453125 0.83671875 0.3046875 0.2484375
0 0.284375 0.6421875 0.3015625 0.19921875
0 0.21796875 0.31328125 0.17109375 0.3578125
0 0.37265625 0.4078125 0.24609375 0.17421875
0 0.84140625 0.41796875 0.21328125 0.4015625
0 0.7828125 0.72734375 0.16796875 0.36875
0 0.6296875 0.134375 0.26171875 0.21875
0 0.43125 0.14921875 0.175 0.10078125
0 0.43125 0.27578125 0.23125 0.09375
0 0.346875 0.06875 0.17578125 0.109375
0 0.57734375 0.35078125 0.09765625 0.29296875