0 0.1609375 0.734375 0.21953125 0.31171875
0 0.65078125 0.56640625 0.07890625 0.1640625
0 0.659375 0.7640625 0.06015625 0.2203125
0 0.5671875 0.72734375 0.08203125 0.2453125
0 0.87421875 0.6046875 0.10703125 0.21171875
0 0.365625 0.68359375 0.08671875 0.2859375
0 0.3015625 0.678125 0.0484375 0.26640625
0 0.3375 0.57890625 0.04375 0.17421875
0 0.42734375 0.71484375 0.05390625 0.1953125
0 0.81875 0.73046875 0.0625 0.15
0 0.8578125 0.76875 0.06015625 0.11640625
0 0.84921875 0.83828125 0.15859375 0.065625