0 0.48203125 0.14609375 0.14375 0.17265625
0 0.33515625 0.21171875 0.10546875 0.1796875
0 0.21171875 0.253125 0.11953125 0.14609375
0 0.2734375 0.4703125 0.09453125 0.13828125
0 0.759375 0.6421875 0.0875 0.090625
0 0.74609375 0.5484375 0.10625 0.1140625
0 0.84453125 0.6296875 0.0703125 0.0875
0 0.47578125 0.4890625 0.0984375 0.1015625
0 0.66015625 0.40546875 0.11015625 0.0875
0 0.4390625 0.32265625 0.10546875 0.0921875
0 0.4265625 0.25546875 0.1171875 0.10703125
0 0.21953125 0.37578125 0.05703125 0.08515625
0 0.13046875 0.3734375 0.11953125 0.15078125
0 0.1984375 0.55546875 0.0828125 0.12109375
0 0.12578125 0.58828125 0.08125 0.06953125
0 0.08125 0.53984375 0.0828125 0.078125
0 0.0375 0.57890625 0.0609375 0.078125
0 0.01953125 0.64140625 0.03828125 0.05703125
0 0.37578125 0.4953125 0.07734375 0.075
0 0.6 0.46796875 0.11328125 0.07265625
0 0.671875 0.496875 0.096875 0.08515625
0 0.41953125 0.63046875 0.0875 0.08515625
0 0.46640625 0.59453125 0.09453125 0.053125
0 0.36484375 0.38203125 0.07421875 0.08359375
0 0.57109375 0.5984375 0.053125 0.0390625
0 0.74140625 0.4546875 0.065625 0.06015625