0 0.5171875 0.7859375 0.11484375 0.428125
0 0.3515625 0.70625 0.2140625 0.309375
0 0.428125 0.85 0.0609375 0.3
0 0.20390625 0.69453125 0.0828125 0.33359375
0 0.21328125 0.92421875 0.22109375 0.09296875
0 0.68046875 0.8765625 0.1828125 0.1390625
0 0.84453125 0.653125 0.08359375 0.3984375
0 0.675 0.70859375 0.2484375 0.18671875
0 0.4046875 0.36015625 0.19921875 0.2796875
0 0.5875 0.10859375 0.25703125 0.14609375
0 0.478125 0.23828125 0.14375 0.22421875
0 0.64296875 0.23515625 0.21953125 0.1109375
0 0.678125 0.365625 0.2328125 0.128125
0 0.6 0.44921875 0.19375 0.171875
0 0.7828125 0.1890625 0.153125 0.34453125
0 0.86953125 0.16015625 0.1375 0.28359375
0 0.93359375 0.54140625 0.1328125 0.3390625
0 0.940625 0.3984375 0.11796875 0.2109375
0 0.9671875 0.25390625 0.065625 0.1515625
0 0.9765625 0.16796875 0.046875 0.1015625
0 0.97265625 0.07578125 0.0546875 0.1515625
0 0.33515625 0.11953125 0.13046875 0.2390625
0 0.2375 0.21171875 0.1265625 0.1390625
0 0.153125 0.16953125 0.071875 0.309375
0 0.05625 0.19140625 0.1125 0.23125
0 0.13359375 0.41796875 0.10546875 0.2796875
0 0.2421875 0.428125 0.11328125 0.27421875
0 0.07421875 0.053125 0.11015625 0.10546875