0 0.21328125 0.36953125 0.12734375 0.1390625
0 0.415625 0.1171875 0.14609375 0.1390625
0 0.27109375 0.54375 0.084375 0.2171875
0 0.24375 0.63125 0.1015625 0.10546875
0 0.16328125 0.70703125 0.078125 0.1484375
0 0.28046875 0.740625 0.10546875 0.1375
0 0.2328125 0.8515625 0.05859375 0.1265625
0 0.4 0.6390625 0.15390625 0.125
0 0.42578125 0.784375 0.19375 0.190625
0 0.315625 0.90078125 0.10546875 0.134375
0 0.45546875 0.44765625 0.0890625 0.15546875
0 0.54609375 0.3078125 0.1484375 0.21015625
0 0.51171875 0.16015625 0.10859375 0.0953125
0 0.5796875 0.14453125 0.0609375 0.10234375
0 0.68984375 0.18359375 0.16484375 0.1515625
0 0.6796875 0.33984375 0.125 0.16953125
0 0.7828125 0.415625 0.13671875 0.1765625
0 0.6609375 0.50859375 0.09921875 0.1953125
0 0.56953125 0.5421875 0.12421875 0.23828125
0 0.66875 0.6734375 0.1296875 0.1484375
0 0.64765625 0.80546875 0.11953125 0.1796875
0 0.61875 0.93203125 0.10625 0.1359375
0 0.45 0.9578125 0.084375 0.084375
0 0.33671875 0.26796875 0.084375 0.134375
0 0.41875 0.28203125 0.075 0.08828125
0 0.35390625 0.44921875 0.078125 0.19375
0 0.7640625 0.74375 0.0640625 0.221875
0 0.72265625 0.86171875 0.04765625 0.084375