0 0.11875 0.20703125 0.12109375 0.20078125
0 0.2328125 0.16640625 0.11015625 0.19921875
0 0.47578125 0.1828125 0.20703125 0.22421875
0 0.79765625 0.19609375 0.2296875 0.22265625
0 0.2171875 0.503125 0.10859375 0.1921875
0 0.134375 0.515625 0.0828125 0.21015625
0 0.42578125 0.47265625 0.12421875 0.228125
0 0.55078125 0.55625 0.16484375 0.171875
0 0.81953125 0.51640625 0.21015625 0.2265625
0 0.23046875 0.82109375 0.19140625 0.20078125
0 0.153125 0.76796875 0.17734375 0.15
0 0.4796875 0.80390625 0.17734375 0.159375
0 0.8203125 0.828125 0.215625 0.21875