0 0.15703125 0.27109375 0.134375 0.16015625
0 0.37265625 0.08046875 0.12421875 0.13203125
0 0.4609375 0.565625 0.1359375 0.16953125
0 0.43359375 0.375 0.1515625 0.18515625
0 0.55234375 0.2546875 0.14140625 0.18125
0 0.6671875 0.13359375 0.12421875 0.171875
0 0.91875 0.090625 0.153125 0.1734375
0 0.8046875 0.23046875 0.12421875 0.1453125
0 0.69609375 0.31953125 0.1375 0.1734375
0 0.5828125 0.453125 0.1390625 0.19296875
0 0.6234375 0.6390625 0.13984375 0.1796875
0 0.7265625 0.50625 0.12578125 0.16953125
0 0.8359375 0.40625 0.12734375 0.190625
0 0.9421875 0.2984375 0.115625 0.171875
0 0.8390625 0.8953125 0.1203125 0.1453125