0 0.5890625 0.6765625 0.34140625 0.1453125
0 0.28828125 0.57421875 0.2703125 0.2578125
0 0.7046875 0.48203125 0.39921875 0.1125
0 0.5328125 0.2125 0.2296875 0.2328125
0 0.72421875 0.1890625 0.30078125 0.17421875
0 0.7703125 0.29296875 0.23515625 0.13828125
0 0.31796875 0.2953125 0.39609375 0.06328125
0 0.26875 0.23515625 0.37421875 0.1109375
0 0.32890625 0.4078125 0.13359375 0.17265625
0 0.4375 0.44453125 0.0984375 0.234375
0 0.12890625 0.365625 0.2578125 0.1125
0 0.11171875 0.471875 0.21875 0.09296875
0 0.4578125 0.75078125 0.37421875 0.090625
0 0.1296875 0.6484375 0.215625 0.2125
0 0.84453125 0.66484375 0.15859375 0.08515625
0 0.75546875 0.57890625 0.14453125 0.06328125
0 0.94921875 0.49375 0.0953125 0.21640625