0 0.86171875 0.1734375 0.12109375 0.10859375
0 0.72890625 0.17421875 0.12265625 0.10703125
0 0.51875 0.15546875 0.10859375 0.1015625
0 0.459375 0.17421875 0.0890625 0.0671875
0 0.2 0.2015625 0.078125 0.0625
0 0.85546875 0.4328125 0.09453125 0.0796875
0 0.7546875 0.40625 0.09921875 0.09453125
0 0.82578125 0.3765625 0.103125 0.0890625
0 0.57890625 0.4359375 0.11015625 0.0890625
0 0.4828125 0.35703125 0.12109375 0.0890625
0 0.46015625 0.440625 0.1015625 0.08203125
0 0.88515625 0.6375 0.06953125 0.0765625
0 0.85859375 0.67890625 0.05859375 0.06015625
0 0.72109375 0.6734375 0.0671875 0.04609375
0 0.23984375 0.85625 0.05859375 0.05546875
0 0.21484375 0.87578125 0.0625 0.04765625
0 0.171875 0.86640625 0.04609375 0.05859375
0 0.1953125 0.83671875 0.0515625 0.040625
0 0.1703125 0.8203125 0.0515625 0.03046875
0 0.13515625 0.85703125 0.040625 0.053125
0 0.09296875 0.86640625 0.04296875 0.03359375
0 0.740625 0.81796875 0.06015625 0.053125
0 0.88515625 0.8046875 0.0265625 0.015625
0 0.8671875 0.81796875 0.0265625 0.025
0 0.85078125 0.82109375 0.0359375 0.0390625
0 0.7625 0.86015625 0.05859375 0.01796875
0 0.77265625 0.878125 0.04296875 0.02109375