0 0.04765625 0.59140625 0.0921875 0.1109375
0 0.03125 0.49921875 0.0625 0.121875
0 0.0828125 0.4421875 0.1 0.134375
0 0.1421875 0.509375 0.075 0.0953125
0 0.15625 0.57109375 0.08828125 0.1203125
0 0.20546875 0.50625 0.04921875 0.0796875
0 0.26328125 0.503125 0.07578125 0.0828125
0 0.40625 0.6140625 0.09140625 0.125
0 0.32109375 0.40625 0.078125 0.1109375
0 0.39765625 0.346875 0.071875 0.0953125
0 0.2421875 0.35390625 0.103125 0.1375
0 0.13125 0.3703125 0.09140625 0.09375
0 0.0296875 0.31796875 0.059375 0.07578125
0 0.09765625 0.265625 0.09453125 0.11640625
0 0.19375 0.265625 0.096875 0.14453125
0 0.30546875 0.24375 0.10859375 0.13984375
0 0.39140625 0.1984375 0.05859375 0.0953125
0 0.46015625 0.16484375 0.09453125 0.10234375