0 0.3421875 0.06875 0.5234375 0.13359375
0 0.06796875 0.15703125 0.13515625 0.19140625
0 0.21015625 0.2359375 0.4203125 0.203125
0 0.1265625 0.45234375 0.253125 0.16640625
0 0.06796875 0.5984375 0.13515625 0.15859375
0 0.1828125 0.64375 0.365625 0.30078125
0 0.4375 0.484375 0.4140625 0.25234375
0 0.6 0.6796875 0.44609375 0.2375
0 0.83125 0.4546875 0.20703125 0.35390625
0 0.61953125 0.29921875 0.24453125 0.38125
0 0.81640625 0.13359375 0.3671875 0.2671875
0 0.303125 0.8890625 0.584375 0.221875
0 0.71484375 0.90625 0.1984375 0.1875
0 0.9125 0.94921875 0.1640625 0.1015625
0 0.89921875 0.75078125 0.2015625 0.2234375
0 0.96875 0.5671875 0.0625 0.22421875