0 0.8859375 0.0875 0.1140625 0.1171875
0 0.97578125 0.21328125 0.04765625 0.13828125
0 0.97578125 0.07265625 0.04765625 0.13125
0 0.73515625 0.2734375 0.1140625 0.10703125
0 0.88515625 0.5921875 0.115625 0.12109375
0 0.97421875 0.5828125 0.04765625 0.13828125
0 0.97578125 0.7140625 0.04765625 0.12265625
0 0.72734375 0.76953125 0.1015625 0.128125
0 0.6046875 0.72421875 0.1265625 0.1296875
0 0.55 0.65546875 0.09921875 0.07265625
0 0.52265625 0.75859375 0.04765625 0.1296875
0 0.47578125 0.70234375 0.0359375 0.1140625
0 0.47265625 0.584375 0.04453125 0.1296875
0 0.38203125 0.59296875 0.115625 0.11171875
0 0.25 0.79921875 0.075 0.1015625
0 0.184375 0.76875 0.04609375 0.11171875
0 0.08984375 0.72265625 0.075 0.09765625
0 0.12421875 0.8984375 0.0375 0.040625
0 0.0828125 0.84453125 0.1171875 0.04609375
0 0.0484375 0.61484375 0.096875 0.16015625
0 0.0734375 0.19296875 0.103125 0.11875
0 0.22578125 0.26953125 0.1296875 0.08359375
0 0.3828125 0.08359375 0.1171875 0.12109375
0 0.47265625 0.2 0.04453125 0.1296875
0 0.4765625 0.06875 0.04453125 0.1265625