0 0.684375 0.0484375 0.2375 0.09609375
0 0.0984375 0.86171875 0.196875 0.16328125
0 0.36171875 0.58515625 0.10625 0.13125
0 0.465625 0.5578125 0.10078125 0.0765625
0 0.61484375 0.5203125 0.16953125 0.07265625
0 0.5734375 0.61171875 0.09296875 0.09609375
0 0.49765625 0.62265625 0.0546875 0.0671875
0 0.44296875 0.62734375 0.08203125 0.065625
0 0.696875 0.571875 0.10390625 0.0421875
0 0.66796875 0.6203125 0.10625 0.065625
0 0.7578125 0.55625 0.128125 0.04375
0 0.790625 0.4734375 0.18828125 0.0453125
0 0.78671875 0.5171875 0.18046875 0.0453125
0 0.77578125 0.421875 0.2078125 0.04765625
0 0.74609375 0.38125 0.196875 0.0671875
0 0.75390625 0.3375 0.1640625 0.1
0 0.75390625 0.2875 0.12578125 0.07265625
0 0.6875 0.26328125 0.1171875 0.0796875
0 0.61171875 0.23125 0.15859375 0.1203125
0 0.4921875 0.20546875 0.0875 0.1125
0 0.4109375 0.234375 0.0734375 0.109375
0 0.315625 0.2609375 0.10625 0.08515625
0 0.259375 0.290625 0.14765625 0.0765625
0 0.1984375 0.34765625 0.1609375 0.06875
0 0.1640625 0.38984375 0.12578125 0.03828125
0 0.21171875 0.4171875 0.10625 0.06015625
0 0.20078125 0.478125 0.1828125 0.065625
0 0.18828125 0.528125 0.0875 0.07109375
0 0.27578125 0.54609375 0.14765625 0.10390625
0 0.2828125 0.59453125 0.06796875 0.07265625
0 0.6078125 0.1375 0.0625 0.05234375
0 0.54375 0.1296875 0.07109375 0.07109375
0 0.4890625 0.13828125 0.08203125 0.05078125
0 0.3921875 0.1515625 0.08984375 0.0890625
0 0.31796875 0.17265625 0.084375 0.08359375
0 0.2609375 0.18515625 0.07890625 0.0578125
0 0.209375 0.22421875 0.08984375 0.078125
0 0.1421875 0.25546875 0.13125 0.07421875
0 0.08984375 0.29765625 0.14765625 0.05625
0 0.0796875 0.334375 0.159375 0.05625
0 0.0671875 0.38125 0.13359375 0.05234375
0 0.08515625 0.42265625 0.1703125 0.0609375
0 0.07421875 0.46796875 0.1484375 0.0890625
0 0.05234375 0.52578125 0.1046875 0.0671875
0 0.10078125 0.55 0.153125 0.11484375
0 0.14921875 0.62265625 0.08984375 0.11796875
0 0.184375 0.66484375 0.0515625 0.121875
0 0.2609375 0.6703125 0.10625 0.1328125
0 0.290625 0.71484375 0.0734375 0.11640625
0 0.35625 0.71328125 0.0625 0.11484375
0 0.4140625 0.70703125 0.06796875 0.11640625
0 0.45078125 0.7015625 0.065625 0.12734375
0 0.5203125 0.70546875 0.07890625 0.12734375
0 0.58984375 0.7015625 0.1203125 0.13125
0 0.6734375 0.71328125 0.128125 0.0671875
0 0.7078125 0.6875 0.1421875 0.0578125
0 0.75390625 0.68515625 0.0875 0.06171875
0 0.80625 0.6578125 0.196875 0.03984375
0 0.8234375 0.628125 0.2046875 0.0453125
0 0.87578125 0.59609375 0.16640625 0.05078125
0 0.87265625 0.56484375 0.128125 0.03125
0 0.91953125 0.5375 0.1390625 0.06328125
0 0.946875 0.4890625 0.10625 0.0578125
0 0.934375 0.440625 0.13125 0.05234375
0 0.91953125 0.38671875 0.1390625 0.05234375
0 0.91015625 0.34609375 0.13125 0.08203125
0 0.8796875 0.32421875 0.13125 0.0671875
0 0.84296875 0.24375 0.06796875 0.10546875
0 0.78515625 0.2078125 0.05703125 0.08203125
0 0.73515625 0.1890625 0.04375 0.07265625
0 0.68984375 0.17578125 0.07890625 0.09296875
0 0.58203125 0.19921875 0.11484375 0.08203125