0 0.17109375 0.5328125 0.3359375 0.23984375
0 0.35234375 0.32734375 0.415625 0.2328125
0 0.79609375 0.2125 0.40703125 0.31640625
0 0.50390625 0.5765625 0.259375 0.23984375
0 0.88515625 0.5015625 0.1421875 0.19609375
0 0.28828125 0.7453125 0.10625 0.24375
0 0.0953125 0.86640625 0.190625 0.0671875
0 0.1171875 0.93203125 0.234375 0.0765625
0 0.415625 0.8703125 0.23515625 0.15078125
0 0.7484375 0.80703125 0.42109375 0.12734375
0 0.6953125 0.57421875 0.23203125 0.24375
0 0.76796875 0.6875 0.3828125 0.1125