0 0.1765625 0.746875 0.18984375 0.08359375
0 0.16328125 0.59296875 0.1921875 0.12109375
0 0.10859375 0.4140625 0.09921875 0.23984375
0 0.20546875 0.42421875 0.0796875 0.234375
0 0.43984375 0.13515625 0.17578125 0.21875
0 0.5765625 0.140625 0.15859375 0.221875
0 0.75546875 0.13984375 0.1171875 0.22421875
0 0.721875 0.37265625 0.25625 0.13515625
0 0.73671875 0.515625 0.23984375 0.10859375
0 0.21171875 0.25078125 0.19921875 0.1015625
0 0.35 0.559375 0.15625 0.103125
0 0.41875 0.45 0.21484375 0.065625
0 0.51171875 0.53984375 0.16328125 0.12109375
0 0.3953125 0.6859375 0.20078125 0.13359375
0 0.2765625 0.1703125 0.18671875 0.06953125
0 0.4671875 0.365625 0.21015625 0.11015625
0 0.121875 0.1640625 0.0625 0.14921875