0 0.01328125 0.07578125 0.0265625 0.14765625
0 0.178125 0.17421875 0.14609375 0.1921875
0 0.28515625 0.05546875 0.1515625 0.09921875
0 0.07109375 0.346875 0.13203125 0.17421875
0 0.025 0.54921875 0.046875 0.17421875
0 0.509375 0.09296875 0.146875 0.1859375
0 0.40546875 0.2625 0.1375 0.18671875
0 0.296875 0.4375 0.14609375 0.1953125
0 0.19140625 0.60859375 0.134375 0.19375
0 0.0875 0.78359375 0.14140625 0.1953125
0 0.02109375 0.925 0.0421875 0.14921875
0 0.18984375 0.98203125 0.0734375 0.0359375
0 0.3109375 0.9 0.15859375 0.18984375
0 0.4140625 0.72890625 0.1546875 0.20625
0 0.521875 0.55546875 0.14609375 0.2046875
0 0.6296875 0.37890625 0.1546875 0.20234375
0 0.7359375 0.20625 0.14921875 0.19921875
0 0.84296875 0.0703125 0.1515625 0.13671875
0 0.94609375 0.2921875 0.1078125 0.203125
0 0.85625 0.46328125 0.1359375 0.18984375
0 0.74921875 0.63359375 0.134375 0.18671875
0 0.64609375 0.8125 0.1453125 0.19921875
0 0.5359375 0.94140625 0.134375 0.11640625
0 0.86640625 0.915625 0.15078125 0.16796875
0 0.95 0.75546875 0.1 0.20078125