0 0.05546875 0.05234375 0.065625 0.1046875
0 0.19140625 0.1125 0.11015625 0.225
0 0.32109375 0.28828125 0.1203125 0.3875
0 0.06484375 0.50859375 0.11796875 0.35703125
0 0.0609375 0.84375 0.1203125 0.3125
0 0.18125 0.74140625 0.1171875 0.35703125
0 0.48125 0.15859375 0.11484375 0.303125
0 0.43203125 0.7078125 0.121875 0.3171875
0 0.4734375 0.93984375 0.1078125 0.1203125
0 0.59453125 0.59453125 0.11171875 0.35390625
0 0.6 0.9125 0.07890625 0.17421875
0 0.69921875 0.80390625 0.0828125 0.2328125
0 0.77890625 0.69765625 0.06875 0.24296875
0 0.83203125 0.8125 0.06015625 0.2828125
0 0.7015625 0.346875 0.1171875 0.35703125
0 0.7859375 0.15859375 0.06484375 0.24921875
0 0.8796875 0.11640625 0.1234375 0.2328125
0 0.89765625 0.42109375 0.08828125 0.1953125
0 0.9609375 0.29453125 0.078125 0.1453125
0 0.9546875 0.66171875 0.090625 0.3796875