0 0.2125 0.19921875 0.2109375 0.31015625
0 0.05390625 0.20234375 0.1078125 0.28203125
0 0.11171875 0.5 0.2109375 0.315625
0 0.70234375 0.1984375 0.221875 0.30859375
0 0.6828125 0.471875 0.1546875 0.20234375
0 0.5421875 0.26328125 0.0984375 0.24140625
0 0.45390625 0.32421875 0.07265625 0.21875
0 0.43125 0.5640625 0.0953125 0.303125
0 0.52109375 0.6484375 0.11640625 0.25
0 0.5703125 0.5296875 0.090625 0.23125
0 0.521875 0.46171875 0.0421875 0.1125
0 0.5375 0.121875 0.1421875 0.084375
0 0.67734375 0.690625 0.1890625 0.25703125
0 0.57734375 0.82421875 0.18515625 0.121875
0 0.88203125 0.6109375 0.12421875 0.290625
0 0.89140625 0.32421875 0.103125 0.24296875
0 0.7515625 0.8234375 0.15859375 0.15546875