0 0.2375 0.08515625 0.22265625 0.159375
0 0.33828125 0.2390625 0.22265625 0.16171875
0 0.12890625 0.275 0.2296875 0.1703125
0 0.74296875 0.44453125 0.159375 0.12109375
0 0.40078125 0.48359375 0.13125 0.1140625
0 0.33984375 0.63828125 0.15 0.128125
0 0.49296875 0.65 0.20390625 0.06875
0 0.50390625 0.76171875 0.2109375 0.06640625
0 0.51796875 0.8265625 0.2109375 0.05234375
0 0.6734375 0.80078125 0.12890625 0.15234375
0 0.80390625 0.6 0.1875 0.09140625
0 0.76953125 0.73515625 0.15234375 0.16484375
0 0.57421875 0.696875 0.2296875 0.05234375
0 0.621875 0.51875 0.18515625 0.0859375
0 0.51171875 0.41640625 0.10546875 0.16328125
0 0.6359375 0.4296875 0.14296875 0.115625
0 0.5390625 0.5609375 0.16875 0.1140625
0 0.66640625 0.59375 0.13359375 0.10703125