0 0.4109375 0.3234375 0.34140625 0.1453125
0 0.71171875 0.42578125 0.2703125 0.2578125
0 0.2953125 0.51796875 0.39921875 0.1125
0 0.4671875 0.7875 0.2296875 0.2328125
0 0.27578125 0.8109375 0.30078125 0.17421875
0 0.2296875 0.70703125 0.23515625 0.13828125
0 0.68203125 0.7046875 0.39609375 0.06328125
0 0.73125 0.76484375 0.37421875 0.1109375
0 0.67109375 0.5921875 0.13359375 0.17265625
0 0.5625 0.55546875 0.0984375 0.234375
0 0.87109375 0.634375 0.2578125 0.1125
0 0.88828125 0.528125 0.21875 0.09296875
0 0.5421875 0.24921875 0.37421875 0.090625
0 0.8703125 0.3515625 0.215625 0.2125
0 0.15546875 0.33515625 0.15859375 0.08515625
0 0.24453125 0.42109375 0.14453125 0.06328125
0 0.05078125 0.50625 0.0953125 0.21640625