0 0.15703125 0.72890625 0.134375 0.16015625
0 0.37265625 0.91953125 0.12421875 0.13203125
0 0.4609375 0.434375 0.1359375 0.16953125
0 0.43359375 0.625 0.1515625 0.18515625
0 0.55234375 0.7453125 0.14140625 0.18125
0 0.6671875 0.86640625 0.12421875 0.171875
0 0.91875 0.909375 0.153125 0.1734375
0 0.8046875 0.76953125 0.12421875 0.1453125
0 0.69609375 0.68046875 0.1375 0.1734375
0 0.5828125 0.546875 0.1390625 0.19296875
0 0.6234375 0.3609375 0.13984375 0.1796875
0 0.7265625 0.49375 0.12578125 0.16953125
0 0.8359375 0.59375 0.12734375 0.190625
0 0.9421875 0.7015625 0.115625 0.171875
0 0.8390625 0.1046875 0.1203125 0.1453125