0 0.36328125 0.3234375 0.41015625 0.22890625
0 0.171875 0.53359375 0.34375 0.2390625
0 0.5125 0.5671875 0.24296875 0.2328125
0 0.30859375 0.74609375 0.22421875 0.25234375
0 0.5984375 0.48125 0.175 0.15078125
0 0.78359375 0.21796875 0.4328125 0.3171875
0 0.878125 0.51484375 0.1828125 0.2328125
0 0.6828125 0.56796875 0.2515625 0.23125
0 0.76640625 0.68515625 0.4125 0.10546875
0 0.75703125 0.80234375 0.3828125 0.12578125
0 0.5671875 0.88125 0.215625 0.10703125
0 0.415625 0.8734375 0.196875 0.16875
0 0.459375 0.71796875 0.15859375 0.1453125
0 0.0953125 0.8640625 0.190625 0.09375
0 0.1203125 0.946875 0.240625 0.10625