0 0.1921875 0.89609375 0.2203125 0.134375
0 0.23515625 0.82578125 0.23828125 0.13046875
0 0.2 0.72890625 0.146875 0.0671875
0 0.253125 0.42265625 0.184375 0.36171875
0 0.53671875 0.80234375 0.21015625 0.3
0 0.76796875 0.6109375 0.23203125 0.3015625
0 0.65625 0.35234375 0.11640625 0.32265625
0 0.5796875 0.30625 0.0796875 0.33984375
0 0.5484375 0.259375 0.06484375 0.35625
0 0.51875 0.19609375 0.0390625 0.29296875
0 0.48828125 0.22265625 0.05078125 0.3140625
0 0.45546875 0.25546875 0.05078125 0.2453125
0 0.4390625 0.24140625 0.1078125 0.33671875