0 0.51796875 0.85390625 0.14375 0.17265625
0 0.66484375 0.78828125 0.10546875 0.1796875
0 0.78828125 0.746875 0.11953125 0.14609375
0 0.7265625 0.5296875 0.09453125 0.13828125
0 0.240625 0.3578125 0.0875 0.090625
0 0.25390625 0.4515625 0.10625 0.1140625
0 0.15546875 0.3703125 0.0703125 0.0875
0 0.52421875 0.5109375 0.0984375 0.1015625
0 0.33984375 0.59453125 0.11015625 0.0875
0 0.5609375 0.67734375 0.10546875 0.0921875
0 0.5734375 0.74453125 0.1171875 0.10703125
0 0.78046875 0.62421875 0.05703125 0.08515625
0 0.86953125 0.6265625 0.11953125 0.15078125
0 0.8015625 0.44453125 0.0828125 0.12109375
0 0.87421875 0.41171875 0.08125 0.06953125
0 0.91875 0.46015625 0.0828125 0.078125
0 0.9625 0.42109375 0.0609375 0.078125
0 0.98046875 0.35859375 0.03828125 0.05703125
0 0.62421875 0.5046875 0.07734375 0.075
0 0.4 0.53203125 0.11328125 0.07265625
0 0.328125 0.503125 0.096875 0.08515625
0 0.58046875 0.36953125 0.0875 0.08515625
0 0.53359375 0.40546875 0.09453125 0.053125
0 0.63515625 0.61796875 0.07421875 0.08359375
0 0.42890625 0.4015625 0.053125 0.0390625
0 0.25859375 0.5453125 0.065625 0.06015625