0 0.525 0.28984375 0.2640625 0.51796875
0 0.34453125 0.16328125 0.3046875 0.2484375
0 0.284375 0.3578125 0.3015625 0.19921875
0 0.21796875 0.68671875 0.17109375 0.3578125
0 0.37265625 0.5921875 0.24609375 0.17421875
0 0.84140625 0.58203125 0.21328125 0.4015625
0 0.7828125 0.27265625 0.16796875 0.36875
0 0.6296875 0.865625 0.26171875 0.21875
0 0.43125 0.85078125 0.175 0.10078125
0 0.43125 0.72421875 0.23125 0.09375
0 0.346875 0.93125 0.17578125 0.109375
0 0.57734375 0.64921875 0.09765625 0.29296875