0 0.1296875 0.24609375 0.1328125 0.11015625
0 0.1421875 0.18125 0.12734375 0.09296875
0 0.17890625 0.16484375 0.0984375 0.1578125
0 0.24140625 0.15390625 0.05546875 0.18203125
0 0.39453125 0.171875 0.1328125 0.18203125
0 0.528125 0.18984375 0.13671875 0.18359375
0 0.715625 0.146875 0.1515625 0.1046875
0 0.871875 0.1296875 0.13125 0.15078125
0 0.79921875 0.1671875 0.05703125 0.07890625
0 0.41796875 0.3984375 0.1515625 0.128125
0 0.08984375 0.47578125 0.06640625 0.04921875
0 0.0859375 0.5015625 0.07734375 0.0609375
0 0.128125 0.4703125 0.07734375 0.13515625
0 0.16875 0.44921875 0.08359375 0.13125
0 0.22109375 0.425 0.11484375 0.18203125
0 0.73046875 0.346875 0.1328125 0.175
0 0.85234375 0.35078125 0.13671875 0.16953125
0 0.553125 0.49453125 0.11640625 0.15234375
0 0.43984375 0.70859375 0.13515625 0.1578125
0 0.1375 0.76875 0.1828125 0.18515625
0 0.2671875 0.74296875 0.16328125 0.20859375
0 0.60078125 0.659375 0.103125 0.159375
0 0.85703125 0.6140625 0.1390625 0.171875
0 0.65078125 0.80859375 0.14453125 0.14375
0 0.78125 0.80546875 0.12421875 0.171875
0 0.8765625 0.8078125 0.13359375 0.12109375