0 0.5734375 0.415625 0.18671875 0.09609375
0 0.63125 0.38515625 0.10859375 0.13203125
0 0.69296875 0.34140625 0.07578125 0.15546875
0 0.759375 0.334375 0.05546875 0.0875
0 0.8203125 0.390625 0.1546875 0.12109375
0 0.60546875 0.57421875 0.140625 0.1140625
0 0.8203125 0.5609375 0.17265625 0.12265625
0 0.890625 0.5140625 0.19375 0.0875
0 0.55390625 0.52421875 0.184375 0.09296875
0 0.5828125 0.7390625 0.08515625 0.12265625
0 0.52109375 0.7078125 0.13359375 0.103125
0 0.44296875 0.69765625 0.07421875 0.12265625
0 0.41328125 0.64375 0.13828125 0.06796875
0 0.3609375 0.60625 0.1546875 0.05703125
0 0.32109375 0.58828125 0.14765625 0.103125
0 0.33359375 0.51640625 0.21484375 0.06953125
0 0.34296875 0.46875 0.21015625 0.0640625
0 0.32890625 0.4328125 0.20078125 0.075
0 0.3125 0.378125 0.16875 0.078125
0 0.3671875 0.34453125 0.13828125 0.09453125
0 0.41796875 0.3125 0.14296875 0.13046875
0 0.49375 0.27890625 0.0875 0.12265625
0 0.559375 0.2390625 0.1359375 0.125
0 0.6265625 0.18984375 0.09921875 0.12265625
0 0.6921875 0.18828125 0.0875 0.140625
0 0.75 0.178125 0.0875 0.14296875
0 0.83515625 0.165625 0.096875 0.14609375
0 0.88046875 0.209375 0.0390625 0.140625
0 0.92265625 0.2359375 0.1203125 0.11953125
0 0.9609375 0.28984375 0.078125 0.0859375
0 0.0734375 0.14921875 0.146875 0.20390625
0 0.22265625 0.03359375 0.2609375 0.0671875